1.149990063319588226e+05
1.148195523092662625e+05
1.146411782863902044e+05
1.144638842633306194e+05
1.142876702400875220e+05
1.141125362166609266e+05
1.139384821930508042e+05
1.137655081692571839e+05
1.135936141452800512e+05
1.134228001211193914e+05
1.132530660967752192e+05
1.130844120722475491e+05
1.129168380475363520e+05
1.127503440226416715e+05
1.125849299975634349e+05
1.124205959723017004e+05
1.122573419468564825e+05
1.120951679212277231e+05
1.119340738954154658e+05
1.117740598694196815e+05
1.116151258432403847e+05
1.114572718168775755e+05
1.113004977903312538e+05
1.111448037636014342e+05
1.109901897366880876e+05
1.108366557095912285e+05
1.106842016823108570e+05
1.105328276548469876e+05
1.103825336271996057e+05
1.102333195993686822e+05
1.100851855713542609e+05
1.099381315431563416e+05
1.097921575147748954e+05
1.096472634862099367e+05
1.095034494574614801e+05
1.093607154285294819e+05
1.092190613994139858e+05
1.090784873701149918e+05
1.089389933406324562e+05
1.088005793109664228e+05
1.086632452811168769e+05
1.085269912510838185e+05
1.083918172208672477e+05
1.082577231904671644e+05
1.081247091598835686e+05
1.079927751291164750e+05
1.078619210981658398e+05
1.077321470670317212e+05
1.076034530357140611e+05
1.074758390042129031e+05
1.073493049725282181e+05
1.072238509406600351e+05
1.070994769086083543e+05
1.069761828763731319e+05
1.068539688439544116e+05
1.067328348113521788e+05
1.066127807785664336e+05
1.064938067455971759e+05
1.063759127124443912e+05
1.062590986791080941e+05
1.061433646455883136e+05
1.060287106118850061e+05
1.059151365779981716e+05
1.058026425439278391e+05
1.056912285096739943e+05
1.055808944752366369e+05
1.054716404406157380e+05
1.053634664058113704e+05
1.052563723708234611e+05
1.051503583356520539e+05
1.050454243002971198e+05
1.049415702647586877e+05
1.048387962290367286e+05
1.047371021931312571e+05
1.046364881570422876e+05
1.045369541207698057e+05
1.044385000843138114e+05
1.043411260476742755e+05
1.042448320108512562e+05
1.041496179738447245e+05
1.040554839366546657e+05
1.039624298992810945e+05
1.038704558617240109e+05
1.037795618239834293e+05
1.036897477860593353e+05
1.036010137479517143e+05
1.035133597096605808e+05
1.034267856711859495e+05
1.033412916325277911e+05
1.032568775936861202e+05
1.031735435546609369e+05
1.030912895154522557e+05
1.030101154760600621e+05
1.029300214364843268e+05
1.028510073967250937e+05
1.027730733567823627e+05
1.026962193166560901e+05
1.026204452763463487e+05
1.025457512358530512e+05
1.024721371951762558e+05
1.023996031543159479e+05
1.023281491132721421e+05
1.022577750720447948e+05
1.021884810306339496e+05
1.021202669890396064e+05
1.020531329472617217e+05
1.019870789053003391e+05
1.019221048631554586e+05
1.018582108208270511e+05
1.017953967783151311e+05
1.017336627356196987e+05
1.016730086927407392e+05
1.016134346496782819e+05
1.015549406064323121e+05
1.014975265630028298e+05
1.014411925193898351e+05
1.013859384755933279e+05
1.013317644316133083e+05
1.012786703874497762e+05
1.012266563431027316e+05
1.011757222985721746e+05
1.011258682538580906e+05
1.010770942089605087e+05
1.010294001638794143e+05
1.009827861186148075e+05
1.009372520731666737e+05
1.008927980275350419e+05
1.008494239817198977e+05
1.008071299357212411e+05
1.007659158895390719e+05
1.007257818431733613e+05
1.006867277966241818e+05
1.006487537498914608e+05
1.006118597029752418e+05
1.005760456558754959e+05
1.005413116085922520e+05
1.005076575611254812e+05
1.004750835134752124e+05
1.004435894656414166e+05
1.004131754176241229e+05
1.003838413694233168e+05
1.003555873210389691e+05
1.003284132724711380e+05
1.003023192237198091e+05
1.002773051747849386e+05
1.002533711256665556e+05
1.002305170763646602e+05
1.002087430268792523e+05
1.001880489772103465e+05
1.001684349273579137e+05
1.001499008773219684e+05
1.001324468271025253e+05
1.001160727766995551e+05
1.001007787261130870e+05
1.000865646753430774e+05
1.000734306243895990e+05
1.000613765732525790e+05
1.000504025219320465e+05
1.000405084704280016e+05
1.000316944187404442e+05
1.000239603668693890e+05
1.000173063148148067e+05
1.000117322625767119e+05
1.000072382101551048e+05
1.000038241575499851e+05
1.000014901047613530e+05
1.000002360517892084e+05
1.000000619986335514e+05
1.000009679452943819e+05
1.000029538917717000e+05
1.000060198380655202e+05
1.000101657841757988e+05
1.000153917301025940e+05
1.000216976758458622e+05
1.000290836214056035e+05
1.000375495667818614e+05
1.000470955119745922e+05
1.000577214569837961e+05
1.000694274018095166e+05
1.000822133464517101e+05
1.000960792909103766e+05
1.001110252351855452e+05
1.001270511792772013e+05
1.001441571231853450e+05
1.001623430669099762e+05
1.001816090104510804e+05
1.002019549538087012e+05
1.002233808969827805e+05
1.002458868399733619e+05
1.002694727827804163e+05
1.002941387254039728e+05
1.003198846678440168e+05
1.003467106101005484e+05
1.003746165521735675e+05
1.004036024940630741e+05
1.004336684357690538e+05
1.004648143772915209e+05
1.004970403186304902e+05
1.005303462597859325e+05
1.005647322007578769e+05
1.006001981415463088e+05
1.006367440821512282e+05
1.006743700225726207e+05
1.007130759628105006e+05
1.007528619028648827e+05
1.007937278427357523e+05
1.008356737824230950e+05
1.008786997219269397e+05
1.009228056612472574e+05
1.009679916003840626e+05
1.010142575393373700e+05
1.010616034781071648e+05
1.011100294166934327e+05
1.011595353550961881e+05
1.012101212933154311e+05
1.012617872313511762e+05
1.013145331692033942e+05
1.013683591068720998e+05
1.014232650443573075e+05
1.014792509816589882e+05
1.015363169187771709e+05
1.015944628557118122e+05
1.016536887924629555e+05
1.017139947290306009e+05
1.017753806654147338e+05
1.018378466016153398e+05
1.019013925376324332e+05
1.019660184734660143e+05
1.020317244091160828e+05
1.020985103445826389e+05
1.021663762798656971e+05
1.022353222149652283e+05
1.023053481498812325e+05
1.023764540846137534e+05
1.024486400191627472e+05
1.025219059535282431e+05
1.025962518877101975e+05
1.026716778217086539e+05
1.027481837555235834e+05
1.028257696891550295e+05
1.029044356226029486e+05
1.029841815558673406e+05
1.030650074889482494e+05
1.031469134218456311e+05
1.032298993545594858e+05
1.033139652870898572e+05
1.033991112194367015e+05
1.034853371516000188e+05
1.035726430835798383e+05
1.036610290153761453e+05
1.037504949469889398e+05
1.038410408784182218e+05
1.039326668096639914e+05
1.040253727407262486e+05
1.041191586716049787e+05
1.042140246023001964e+05
1.043099705328119308e+05
1.044069964631401235e+05
1.045051023932848184e+05
1.046042883232459862e+05
1.047045542530236708e+05
1.048059001826178137e+05
1.049083261120284587e+05
1.050118320412555768e+05
1.051164179702991969e+05
1.052220838991593046e+05
1.053288298278358852e+05
1.054366557563289680e+05
1.055455616846385237e+05
1.056555476127645816e+05
1.057666135407071124e+05
1.058787594684661453e+05
1.059919853960416513e+05
1.061062913234336593e+05
1.062216772506421403e+05
1.063381431776671234e+05
1.064556891045085795e+05
1.065743150311665086e+05
1.066940209576409543e+05
1.068148068839318876e+05
1.069366728100392938e+05
1.070596187359631876e+05
1.071836446617035836e+05
1.073087505872604524e+05
1.074349365126338234e+05
1.075622024378236820e+05
1.076905483628300135e+05
1.078199742876528326e+05
1.079504802122921392e+05
1.080820661367479333e+05
1.082147320610202150e+05
1.083484779851089988e+05
1.084833039090142411e+05
1.086192098327359854e+05
1.087561957562742318e+05
1.088942616796289512e+05
1.090334076028001728e+05
1.091736335257878527e+05
1.093149394485920348e+05
1.094573253712127189e+05
1.096007912936498615e+05
1.097453372159035061e+05
1.098909631379736529e+05
1.100376690598602581e+05
1.101854549815633654e+05
1.103343209030829748e+05
1.104842668244190427e+05
1.106352927455716126e+05
1.107873986665406846e+05
1.109405845873262151e+05
1.110948505079282477e+05
1.112501964283467678e+05
1.114066223485817609e+05
1.115641282686332706e+05
1.117227141885012534e+05
1.118823801081857091e+05
1.120431260276866669e+05
1.122049519470041123e+05
1.123678578661380452e+05
1.125318437850884657e+05
1.126969097038553737e+05
1.128630556224387547e+05
1.130302815408386377e+05
1.131985874590550084e+05
1.133679733770878374e+05
1.135384392949372123e+05
1.137099852126030310e+05
1.138826111300853372e+05
1.140563170473841456e+05
1.142311029644994560e+05
1.144069688814312103e+05
1.145839147981794813e+05
1.147619407147442253e+05
1.149410466311254568e+05
1.151212325473231904e+05
1.153024984633373970e+05
1.154848443791681057e+05
1.156682702948153019e+05
1.158527762102789711e+05
1.160383621255591424e+05
1.162250280406557868e+05
1.164127739555689332e+05
1.166015998702985526e+05
1.167915057848446741e+05
1.169824916992072540e+05
1.171745576133863651e+05
1.173677035273819347e+05
1.175619294411939773e+05
1.177572353548225365e+05
1.179536212682675832e+05
1.181510871815291030e+05
1.183496330946071103e+05
1.185492590075016051e+05
1.187499649202125875e+05
1.189517508327400574e+05
1.191546167450840294e+05
1.193585626572444744e+05
1.195635885692214215e+05
1.197696944810148416e+05
1.199768803926247492e+05
1.201851463040511444e+05
1.203944922152940417e+05
1.206049181263533974e+05
1.208164240372292552e+05
1.210290099479216151e+05
1.212426758584304334e+05
1.214574217687557539e+05
1.216732476788975764e+05
1.218901535888558719e+05
1.221081394986306696e+05
1.223272054082219256e+05
1.225473513176296692e+05
1.227685772268539149e+05
1.229908831358946627e+05
1.232142690447518689e+05
1.234387349534255773e+05
1.236642808619157731e+05
1.238909067702224565e+05
1.241186126783456275e+05
1.243473985862852860e+05
1.245772644940414320e+05
1.248082104016140511e+05
1.250402363090031722e+05
1.252733422162087809e+05
1.255075281232308625e+05
1.257427940300694463e+05
1.259791399367245322e+05
1.262165658431960765e+05
1.264550717494841228e+05
1.266946576555886422e+05
1.269353235615096783e+05
1.271770694672471727e+05
1.274198953728011547e+05
1.276638012781716534e+05
1.279087871833585959e+05
1.281548530883620551e+05
1.284019989931820019e+05
1.286502248978184361e+05
1.288995308022713289e+05
1.291499167065407528e+05
1.294013826106266351e+05
1.296539285145290196e+05
1.299075544182478770e+05
1.301622603217832220e+05
1.304180462251350691e+05
1.306749121283034037e+05
1.309328580312881968e+05
1.311918839340895065e+05
1.314519898367073038e+05
1.317131757391415595e+05
1.319754416413923318e+05
1.322387875434596208e+05
1.325032134453433391e+05
1.327687193470435741e+05
1.330353052485602675e+05
1.333029711498934485e+05
1.335717170510431461e+05
1.338415429520093312e+05
1.341124488527920039e+05
1.343844347533911641e+05
1.346575006538067537e+05
1.349316465540388890e+05
1.352068724540875119e+05
1.354831783539525932e+05
1.357605642536341911e+05
1.360390301531322766e+05
1.363185760524468205e+05
1.365992019515778811e+05
1.368809078505254292e+05
1.371636937492894358e+05
1.374475596478699590e+05
1.377325055462669698e+05
1.380185314444804098e+05
1.383056373425103957e+05
1.385938232403568691e+05
1.388830891380198009e+05
1.391734350354992494e+05
1.394648609327951854e+05
1.397573668299075798e+05
1.400509527268364618e+05
1.403456186235818604e+05
1.406413645201437175e+05
1.409381904165220622e+05
1.412360963127169234e+05
1.415350822087282722e+05
1.418351481045560795e+05
1.421362940002004034e+05
1.424385198956611566e+05
1.427418257909384556e+05
1.430462116860322421e+05
1.433516775809424580e+05
1.436582234756692196e+05
1.439658493702124397e+05
1.442745552645721473e+05
1.445843411587483715e+05
1.448952070527410542e+05
1.452071529465502244e+05
1.455201788401759113e+05
1.458342847336180566e+05
1.461494706268767186e+05
1.464657365199518681e+05
1.467830824128434469e+05
1.471015083055515715e+05
1.474210141980761546e+05
1.477416000904172251e+05
1.480632659825747833e+05
1.483860118745488289e+05
1.487098377663393912e+05
1.490347436579464411e+05
1.493607295493699494e+05
1.496877954406099452e+05
1.500159413316663995e+05
1.503451672225393995e+05
1.506754731132288580e+05
1.510068590037348040e+05
1.513393248940572666e+05
1.516728707841961877e+05
1.520074966741515964e+05
1.523432025639235217e+05
1.526799884535118763e+05
1.530178543429167767e+05
1.533568002321381355e+05
1.536968261211759527e+05
1.540379320100302866e+05
1.543801178987011372e+05
1.547233837871884461e+05
1.550677296754922427e+05
1.554131555636125559e+05
1.557596614515492984e+05
1.561072473393025866e+05
1.564559132268723333e+05
1.568056591142585676e+05
1.571564850014613185e+05
1.575083908884804987e+05
1.578613767753161956e+05
1.582154426619683800e+05
1.585705885484370228e+05
1.589268144347222114e+05
1.592841203208238585e+05
1.596425062067419931e+05
1.600019720924766152e+05
1.603625179780277540e+05
1.607241438633953221e+05
1.610868497485794069e+05
1.614506356335800083e+05
1.618155015183970099e+05
1.621814474030305573e+05
1.625484732874806214e+05
1.629165791717471438e+05
1.632857650558301539e+05
1.636560309397296514e+05
1.640273768234456074e+05
1.643998027069780801e+05
1.647733085903270403e+05
1.651478944734924880e+05
1.655235603564744233e+05
1.659003062392728461e+05
1.662781321218877565e+05
1.666570380043191835e+05
1.670370238865670399e+05
1.674180897686314129e+05
1.678002356505122443e+05
1.681834615322095633e+05
1.685677674137233989e+05
1.689531532950537221e+05
1.693396191762005328e+05
1.697271650571638311e+05
1.701157909379436460e+05
1.705054968185398902e+05
1.708962826989526511e+05
1.712881485791818704e+05
1.716810944592276355e+05
1.720751203390898299e+05
1.724702262187685410e+05
1.728664120982637396e+05
1.732636779775754549e+05
1.736620238567035994e+05
1.740614497356482316e+05
1.744619556144093804e+05
1.748635414929870167e+05
1.752662073713811405e+05
1.756699532495917520e+05
1.760747791276187927e+05
1.764806850054624083e+05
1.768876708831224532e+05
1.772957367605990439e+05
1.777048826378920639e+05
1.781151085150016297e+05
1.785264143919275666e+05
1.789388002686700784e+05
1.793522661452290777e+05
1.797668120216045645e+05
1.801824378977965389e+05
1.805991437738049426e+05
1.810169296496298921e+05
1.814357955252713291e+05
1.818557414007292246e+05
1.822767672760036367e+05
1.826988731510945654e+05
1.831220590260018944e+05
1.835463249007257400e+05
1.839716707752661023e+05
1.843980966496229812e+05
1.848256025237962895e+05
1.852541883977860853e+05
1.856838542715923977e+05
1.861146001452151977e+05
1.865464260186544852e+05
1.869793318919102312e+05
1.874133177649824938e+05
1.878483836378712440e+05
1.882845295105763362e+05
1.887217553830981196e+05
1.891600612554363324e+05
1.895994471275909746e+05
1.900399129995621915e+05
1.904814588713498670e+05
1.909240847429539717e+05
1.913677906143745931e+05
1.918125764856117021e+05
1.922584423566653568e+05
1.927053882275354408e+05
1.931534140982220415e+05
1.936025199687250715e+05
1.940527058390446764e+05
1.945039717091807397e+05
1.949563175791332615e+05
1.954097434489022999e+05
1.958642493184878258e+05
1.963198351878897229e+05
1.967765010571082239e+05
1.972342469261431834e+05
1.976930727949946595e+05
1.981529786636626231e+05
1.986139645321469579e+05
1.990760304004478676e+05
1.995391762685652939e+05
2.000034021364992077e+05
2.004687080042495800e+05
2.009350938718164689e+05
2.014025597391998454e+05
2.018711056063996803e+05
2.023407314734160318e+05
2.028114373402488709e+05
2.032832232068981393e+05
2.037560890733639535e+05
2.042300349396461388e+05
2.047050608057449572e+05
2.051811666716602049e+05
2.056583525373919401e+05
2.061366184029402211e+05
2.066159642683049315e+05
2.070963901334860420e+05
2.075778959984837275e+05
2.080604818632979004e+05
2.085441477279285609e+05
2.090288935923757672e+05
2.095147194566394028e+05
2.100016253207195550e+05
2.104896111846161657e+05
2.109786770483292930e+05
2.114688229118589079e+05
2.119600487752049521e+05
2.124523546383675421e+05
2.129457405013465032e+05
2.134402063641420391e+05
2.139357522267540917e+05
2.144323780891826318e+05
2.149300839514276013e+05
2.154288698134891456e+05
2.159287356753670028e+05
2.164296815370614931e+05
2.169317073985724419e+05
2.174348132598999073e+05
2.179389991210438020e+05
2.184442649820042425e+05
2.189506108427811123e+05
2.194580367033745570e+05
2.199665425637844019e+05
2.204761284240107925e+05
2.209867942840536416e+05
2.214985401439129200e+05
2.220113660035887151e+05
2.225252718630810268e+05
2.230402577223898552e+05
2.235563235815151711e+05
2.240734694404569163e+05
2.245916952992151782e+05
2.251110011577899568e+05
2.256313870161812229e+05
2.261528528743889474e+05
2.266753987324131595e+05
2.271990245902538300e+05
2.277237304479109589e+05
2.282495163053846336e+05
2.287763821626748249e+05
2.293043280197814456e+05
2.298333538767045829e+05
2.303634597334442369e+05
2.308946455900002911e+05
2.314269114463728329e+05
2.319602573025619495e+05
2.324946831585675245e+05
2.330301890143896162e+05
2.335667748700281372e+05
2.341044407254831458e+05
2.346431865807547001e+05
2.351830124358427129e+05
2.357239182907472423e+05
2.362659041454682301e+05
2.368089700000055891e+05
2.373531158543595520e+05
2.378983417085300316e+05
2.384446475625169696e+05
2.389920334163203952e+05
2.395404992699403083e+05
2.400900451233766216e+05
2.406406709766294807e+05
2.411923768296988856e+05
2.417451626825847197e+05
2.422990285352870706e+05
2.428539743878059089e+05
2.434100002401412057e+05
2.439671060922930192e+05
2.445252919442613493e+05
2.450845577960461378e+05
2.456449036476474430e+05
2.462063294990651484e+05
2.467688353502993123e+05
2.473324212013500801e+05
2.478970870522172772e+05
2.484628329029010201e+05
2.490296587534011924e+05
2.495975646037178813e+05
2.501665504538509704e+05
2.507366163038005761e+05
2.513077621535667568e+05
2.518799880031493958e+05
2.524532938525485224e+05
2.530276797017641074e+05
2.536031455507962673e+05
2.541796913996447984e+05
2.547573172483099042e+05
2.553360230967914686e+05
2.559158089450895204e+05
2.564966747932040307e+05
2.570786206411349413e+05
2.576616464888824557e+05
2.582457523364464578e+05
2.588309381838269474e+05
2.594172040310238954e+05
2.600045498780373600e+05
2.605929757248673122e+05
2.611824815715137520e+05
2.617730674179766793e+05
2.623647332642560941e+05
2.629574791103519383e+05
2.635513049562642700e+05
2.641462108019931475e+05
2.647421966475384543e+05
2.653392624929003068e+05
2.659374083380786469e+05
2.665366341830734746e+05
2.671369400278846733e+05
2.677383258725124761e+05
2.683407917169567081e+05
2.689443375612175441e+05
2.695489634052947513e+05
2.701546692491885042e+05
2.707614550928987446e+05
2.713693209364254726e+05
2.719782667797686881e+05
2.725882926229283330e+05
2.731993984659045236e+05
2.738115843086972018e+05
2.744248501513062511e+05
2.750391959937318461e+05
2.756546218359739869e+05
2.762711276780326734e+05
2.768887135199077893e+05
2.775073793615993345e+05
2.781271252031073091e+05
2.787479510444318876e+05
2.793698568855729536e+05
2.799928427265304490e+05
2.806169085673044901e+05
2.812420544078950188e+05
2.818682802483019768e+05
2.824955860885254806e+05
2.831239719285654719e+05
2.837534377684219508e+05
2.843839836080949171e+05
2.850156094475841965e+05
2.856483152868901379e+05
2.862821011260125670e+05
2.869169669649514835e+05
2.875529128037068294e+05
2.881899386422787211e+05
2.888280444806669839e+05
2.894672303188717924e+05
2.901074961568931467e+05
2.907488419947309885e+05
2.913912678323852597e+05
2.920347736698560766e+05
2.926793595071433811e+05
2.933250253442471731e+05
2.939717711811674526e+05
2.946195970179042197e+05
2.952685028544574161e+05
2.959184886908271583e+05
2.965695545270132134e+05
2.972217003630159306e+05
2.978749261988351354e+05
2.985292320344707696e+05
2.991846178699229495e+05
2.998410837051916169e+05
3.004986295402765973e+05
3.011572553751782398e+05
3.018169612098963698e+05
3.024777470444309292e+05
3.031396128787820344e+05
3.038025587129495689e+05
3.044665845469337073e+05
3.051316903807342169e+05
3.057978762143512722e+05
3.064651420477847569e+05
3.071334878810347873e+05
3.078029137141013052e+05
3.084734195469841361e+05
3.091450053796836291e+05
3.098176712121995515e+05
3.104914170445320196e+05
3.111662428766809753e+05
3.118421487086464185e+05
3.125191345404282911e+05
3.131972003720266512e+05
3.138763462034415570e+05
3.145565720346729504e+05
3.152378778657207731e+05
3.159202636965849670e+05
3.166037295272658812e+05
3.172882753577631665e+05
3.179739011880769976e+05
3.186606070182072581e+05
3.193483928481540061e+05
3.200372586779171252e+05
3.207272045074969064e+05
3.214182303368931753e+05
3.221103361661059316e+05
3.228035219951351755e+05
3.234977878239808488e+05
3.241931336526430096e+05
3.248895594811217743e+05
3.255870653094168520e+05
3.262856511375285336e+05
3.269853169654567027e+05
3.276860627932012430e+05
3.283878886207622709e+05
3.290907944481399027e+05
3.297947802753339638e+05
3.304998461023446289e+05
3.312059919291716651e+05
3.319132177558151307e+05
3.326215235822750838e+05
3.333309094085515826e+05
3.340413752346446272e+05
3.347529210605542175e+05
3.354655468862800626e+05
3.361792527118225698e+05
3.368940385371816228e+05
3.376099043623569887e+05
3.383268501873489004e+05
3.390448760121574160e+05
3.397639818367823027e+05
3.404841676612235606e+05
3.412054334854814806e+05
3.419277793095558882e+05
3.426512051334466669e+05
3.433757109571540495e+05
3.441012967806779197e+05
3.448279626040182775e+05
3.455557084271750064e+05
3.462845342501483974e+05
3.470144400729381596e+05
3.477454258955444093e+05
3.484774917179671465e+05
3.492106375402061967e+05
3.499448633622620255e+05
3.506801691841342254e+05
3.514165550058229710e+05
3.521540208273281460e+05
3.528925666486498085e+05
3.536321924697878421e+05
3.543728982907425379e+05
3.551146841115137213e+05
3.558575499321013340e+05
3.566014957525054342e+05
3.573465215727260802e+05
3.580926273927632137e+05
3.588398132126167184e+05
3.595880790322868852e+05
3.603374248517734231e+05
3.610878506710764486e+05
3.618393564901959617e+05
3.625919423091317876e+05
3.633456081278843922e+05
3.641003539464533678e+05
3.648561797648387728e+05
3.656130855830407818e+05
3.663710714010591037e+05
3.671301372188940877e+05
3.678902830365455593e+05
3.686515088540134020e+05
3.694138146712978487e+05
3.701772004883987829e+05
3.709416663053161465e+05
3.717072121220499394e+05
3.724738379386003944e+05
3.732415437549671624e+05
3.740103295711504761e+05
3.747801953871503356e+05
3.755511412029665080e+05
3.763231670185993426e+05
3.770962728340485482e+05
3.778704586493143579e+05
3.786457244643965969e+05
3.794220702792953234e+05
3.801994960940105957e+05
3.809780019085422973e+05
3.817575877228904283e+05
3.825382535370552214e+05
3.833199993510363856e+05
3.841028251648340374e+05
3.848867309784481185e+05
3.856717167918787454e+05
3.864577826051258598e+05
3.872449284181894036e+05
3.880331542310694931e+05
3.888224600437661284e+05
3.896128458562790765e+05
3.904043116686086287e+05
3.911968574807546684e+05
3.919904832927172538e+05
3.927851891044962686e+05
3.935809749160917709e+05
3.943778407275037607e+05
3.951757865387322963e+05
3.959748123497772613e+05
3.967749181606387137e+05
3.975761039713167120e+05
3.983783697818109649e+05
3.991817155921218218e+05
3.999861414022492827e+05
4.007916472121932311e+05
4.015982330219536088e+05
4.024058988315304741e+05
4.032146446409237105e+05
4.040244704501335509e+05
4.048353762591598788e+05
4.056473620680027525e+05
4.064604278766620555e+05
4.072745736851378460e+05
4.080897994934301241e+05
4.089061053015389480e+05
4.097234911094640847e+05
4.105419569172059419e+05
4.113615027247641119e+05
4.121821285321388277e+05
4.130038343393299147e+05
4.138266201463376638e+05
4.146504859531618422e+05
4.154754317598025082e+05
4.163014575662596617e+05
4.171285633725333028e+05
4.179567491786232567e+05
4.187860149845299311e+05
4.196163607902529766e+05
4.204477865957925678e+05
4.212802924011487048e+05
4.221138782063212711e+05
4.229485440113103250e+05
4.237842898161159246e+05
4.246211156207378954e+05
4.254590214251764119e+05
4.262980072294314741e+05
4.271380730335029075e+05
4.279792188373907702e+05
4.288214446410952369e+05
4.296647504446161911e+05
4.305091362479536328e+05
4.313546020511076204e+05
4.322011478540780372e+05
4.330487736568649416e+05
4.338974794594682753e+05
4.347472652618881548e+05
4.355981310641245800e+05
4.364500768661774346e+05
4.373031026680466020e+05
4.381572084697324317e+05
4.390123942712348071e+05
4.398686600725535536e+05
4.407260058736889041e+05
4.415844316746406257e+05
4.424439374754087767e+05
4.433045232759935316e+05
4.441661890763947158e+05
4.450289348766124458e+05
4.458927606766467215e+05
4.467576664764974266e+05
4.476236522761646193e+05
4.484907180756483576e+05
4.493588638749484671e+05
4.502280896740651224e+05
4.510983954729982652e+05
4.519697812717478955e+05
4.528422470703138388e+05
4.537157928686964442e+05
4.545904186668955372e+05
4.554661244649111177e+05
4.563429102627431857e+05
4.572207760603917995e+05
4.580997218578566099e+05
4.589797476551381405e+05
4.598608534522361588e+05
4.607430392491506645e+05
4.616263050458816579e+05
4.625106508424291969e+05
4.633960766387931071e+05
4.642825824349735631e+05
4.651701682309705066e+05
4.660588340267839376e+05
4.669485798224137980e+05
4.678394056178600295e+05
4.687313114131229231e+05
4.696242972082023043e+05
4.705183630030982313e+05
4.714135087978105876e+05
4.723097345923393732e+05
4.732070403866845299e+05
4.741054261808463489e+05
4.750048919748246553e+05
